0 0.4730520875 0.29422811875 0.47574910312499996 0.2915427609375 0.4888248359375 0.2872761546875 0.49972595625 0.28959049375 0.5017516437499999 0.285562828125 0.498344315625 0.268296115625 0.4953977937499999 0.260979096875 0.491100815625 0.25634718749999996 0.4889417984375 0.2521886859375 0.48626037968749997 0.244134596875 0.48589937499999997 0.23818585312499999 0.48900106406250005 0.22047046250000002 0.49450269531249996 0.21373097031250002 0.5019021421875001 0.20920219375000002 0.5043668046875001 0.2028844171875 0.507142571875 0.200514909375 0.508190503125 0.1970665125 0.5029773656250001 0.1869597625 0.49899538906249996 0.183591259375 0.4949798859375 0.1760375390625 0.48719448593750003 0.1736173375 0.47863873125000006 0.17440858125 0.47862157656250004 0.1680386203125 0.4694857203125 0.168303528125 0.45820254218750006 0.156355346875 0.453951565625 0.156408775 0.4489551859375 0.1606738890625 0.44756808125 0.1704133484375 0.44132104375000003 0.18136452187500002 0.433656496875 0.18663037031250002 0.42158737031250004 0.1886330828125 0.41857145312499994 0.1927398984375 0.41147141249999997 0.20927152968749999 0.40819429375 0.21143055312499998 0.4034669125 0.212273734375 0.4009772984375 0.217591271875 0.394783284375 0.21930335625000003 0.3979489046875 0.2211979671875 0.399316515625 0.22488281875 0.397581659375 0.2377283578125 0.399335225 0.2483621890625 0.39928687968750004 0.263471121875 0.4026653578125 0.28242245781249997 0.40592298125 0.2936877453125 0.40623408593750004 0.2976360125 0.404697278125 0.3013740453125 0.4083393015625 0.30247890312500003 0.4110121453125 0.3073480109375 0.41436801718750005 0.30550483906250003 0.417570284375 0.300345103125 0.4209261546875 0.29850193125 0.4260722390625 0.3002382453125 0.43349273593749993 0.299394565625 0.4413865140625 0.3090007 0.44502074062499997 0.3154752828125 0.4473372578125 0.32026548906249996 0.44977462656250006 0.332741746875 0.4551320109375 0.3344253765625 0.4608215515625 0.343742375 0.46363006718750005 0.33700338125 0.4631864140625 0.3334236484375 0.4613962015625 0.32984416250000004 0.4636706140625 0.327264171875 0.46421251406249997 0.317735446875 0.4665321515625 0.3112860875 0.47105602968750004 0.3051258640625 0.4730520875 0.29422811875
0 0.259375 0.28113501093750004 0.26280103593750004 0.2782104078125 0.266600559375 0.27994697031250004 0.2706690859375 0.2782616 0.275168790625 0.27965584374999997 0.27761707968750005 0.2755228109375 0.282236859375 0.276048403125 0.28325983906249996 0.2715997671875 0.282712484375 0.2667039453125 0.2805285171875 0.26154520312499996 0.2788498046875 0.253912084375 0.2760693609375 0.25041175 0.2719181859375 0.25446612968750004 0.2684874640625 0.25330858749999996 0.26470898906249996 0.2552571265625 0.2600393078125 0.25273105937499996 0.259375 0.25492815156250004 0.259375 0.2620280640625 0.26098509375 0.26507598125 0.2596471125 0.268261209375 0.259375 0.2680561703125 0.259375 0.28113501093750004
0 0.36755737499999996 0.25863369999999997 0.364341853125 0.2547386125 0.36102652968750004 0.246842575 0.3602179703125 0.2399989609375 0.36205730625 0.23702421718750002 0.3689975015625 0.2396551515625 0.374135009375 0.23820648281249998 0.38081945624999997 0.253314175 0.38035163125000004 0.25728890781249997 0.3780896921875 0.26036901874999996 0.3821917453125 0.2628688671875 0.38396090625 0.26276325312500004 0.3846603078125 0.25386623125 0.3864045171875 0.2527603765625 0.389756490625 0.25360206875 0.3903280171875 0.2509434234375 0.3891506578125 0.24352078906250002 0.3861464359375 0.2395730203125 0.384861475 0.2335191578125 0.3860708078125 0.2280176015625 0.38971205312499996 0.22056775625 0.3837659875 0.215172809375 0.38259798125 0.219489859375 0.3797808890625 0.22304387343749998 0.3793380140625 0.2280188453125 0.37448588125 0.2238608390625 0.37165241406250005 0.22959959375 0.36585527500000004 0.22165136875 0.364069740625 0.22394172812500002 0.36430209218750004 0.2275741421875 0.3633617625 0.22965376875 0.3611863734375 0.2276800078125 0.359371209375 0.22310028593750003 0.35756462187500004 0.22170554375 0.356359190625 0.2245222375 0.35596621562499997 0.23149768593750003 0.3527382171875 0.2271024796875 0.350297728125 0.2258657875 0.349904753125 0.232841234375 0.3477753640625 0.23555281093749997 0.3458362265625 0.2345266046875 0.3427696296875 0.22807823906250002 0.342488153125 0.2310000515625 0.3439056640625 0.236685378125 0.350013909375 0.2485818703125 0.350797515625 0.254425246875 0.3580152875 0.25681923125 0.361110734375 0.261582971875 0.3637750015625 0.26326710000000003 0.35641688125000004 0.2666113734375 0.35271325937500003 0.271560625 0.353567040625 0.274534871875 0.354951025 0.2760349796875 0.3585969484375 0.2744549765625 0.3635028796875 0.2779285984375 0.3663573984375 0.275874940625 0.3679940078125 0.2761378609375 0.3724484890625 0.28140147187500003 0.37643436406249997 0.2820851125 0.3817590015625 0.288138228125 0.3866976828125 0.28724236406250003 0.3887615734375 0.293269759375 0.391454690625 0.2932692609375 0.392776296875 0.29226877500000004 0.390020025 0.2812139734375 0.38556554531250004 0.2759503625 0.38575969531250004 0.2695277171875 0.379507203125 0.2660543453125 0.37770451562499996 0.2619747421875 0.37551275156249997 0.2621857234375 0.36755737499999996 0.25863369999999997
0 0.5976232109375 0.156987665625 0.5952614703125001 0.156066825 0.5874433203125 0.158016109375 0.57556444375 0.1562810375 0.5738654578125 0.153517525 0.5706210859375 0.1513070609375 0.5673681390625 0.1459116171875 0.5578299515625 0.14141228749999998 0.5540506984375 0.13480612187500002 0.5517560125000001 0.14225571875 0.5512429625 0.15009981875 0.5579773109375 0.167207984375 0.5580482625000001 0.172893559375 0.5555836000000001 0.1792113359375 0.5586127718749999 0.18415934218750002 0.559342578125 0.19068710625000002 0.55752429375 0.19734695 0.553741921875 0.2019803484375 0.55324914375 0.2049548453125 0.5542643249999999 0.2058759328125 0.559571809375 0.20555908750000002 0.5643989921875 0.2087168578125 0.5715832375 0.2069256234375 0.578486784375 0.21661090624999998 0.5825015109375 0.21560992343750002 0.5866324125 0.21642514687499997 0.5910073625 0.21281820312500002 0.594648609375 0.20536835781249999 0.5947351578125 0.20031448593749998 0.5907609796875001 0.1915762609375 0.588978565625 0.1826270515625 0.5956934281249999 0.16770114375 0.6009962343749999 0.1615144546875 0.5976232109375 0.156987665625
0 0.6612599859375 0.20788298906249997 0.6591914203125 0.1959857515625 0.6555361421875 0.1858260703125 0.6544624828125001 0.1797195265625 0.655791890625 0.173349315625 0.6558285359375 0.16629496875 0.654120975 0.1603464734375 0.6542613218750001 0.154608215625 0.6519931515625 0.134709075 0.6539112390625 0.1320501828125 0.6633659984375 0.1303638171875 0.6651390578124999 0.127573340625 0.6690750328124999 0.12625650625 0.669410309375 0.1226503078125 0.6713572437499999 0.1183067890625 0.6748955671875 0.118095559375 0.6796190484375 0.1199372390625 0.6820509640625 0.11798895000000001 0.6822287375 0.11375104843749999 0.6853358796875 0.1104602046875 0.6868890640624999 0.10453742968749999 0.68394721875 0.103090253125 0.6796424421875 0.10382806874999999 0.6763731203125001 0.1006173671875 0.66861266875 0.0991974046875 0.6664910796875 0.09653925625000001 0.664439665625 0.0910119796875 0.6584436984375 0.0836165578125 0.6513218296875 0.0879083859375 0.6512851828125 0.09496273281249999 0.65259509375 0.10201683125000001 0.64814606875 0.11117776718750001 0.6458147343749999 0.1256817109375 0.6425914140625 0.1271563484375 0.636993878125 0.1272100265625 0.6341058328125 0.12507846250000001 0.6314579390625 0.12120959375 0.630845865625 0.13360744687499998 0.6246152046875 0.14237387968749998 0.6140984828125 0.12989911406250002 0.6094787015625001 0.1293735234375 0.60969078125 0.13787554375 0.608444025 0.14187674374999998 0.61112934375 0.1472459703125 0.6105040171875 0.150589 0.6078982265625 0.1540903296875 0.611473975 0.15537945625 0.6248576890624999 0.166300684375 0.6296521234375 0.173827940625 0.6358757640625 0.1789859359375 0.6388261843749999 0.18361809375 0.6405875468750001 0.1888822 0.6407910515624999 0.1941992421875 0.6434724703125 0.20225332968749998 0.6441196265625 0.211150103125 0.6461959937499999 0.21767761718749998 0.6441461343749999 0.2292597484375 0.6498855765625 0.24057722187500002 0.65211164375 0.2531061625 0.6547182125 0.2581595390625 0.6541552609375 0.2640031625 0.65203445 0.2698997203125 0.6551673234375001 0.2761638171875 0.658859246875 0.2792691515625 0.659397246875 0.27242528906249996 0.6611204078124999 0.2676343375 0.6545958031250001 0.233364078125 0.6557513328125 0.22854690781250003 0.6586596515625001 0.225808865625 0.6614268437499999 0.220254378125 0.6607757859375 0.214042465625 0.6612599859375 0.20788298906249997
0 0.4702646234375 0.3046522125 0.47174295468749994 0.29572872499999997 0.47315968750000004 0.292859346875 0.47976382968750003 0.2905417765625 0.4830947500000001 0.2876983671875 0.4907803484375 0.28611761874999997 0.49568628124999997 0.2895912390625 0.49977975781250006 0.28890610625 0.5009313890625 0.2867738 0.501490440625 0.2836150359375 0.4992027734375 0.2771402046875 0.49963317499999993 0.271665115625 0.49589134999999995 0.26655930625 0.49468513906249995 0.2608212953125 0.49001935625000004 0.25561036718749996 0.485812825 0.24323972500000002 0.48537307031250004 0.23697513125 0.48844590937499993 0.2209443640625 0.49000766875 0.21820657031250001 0.49388984375 0.21757412031249998 0.49666950937499993 0.2125197515625 0.5010031359375 0.2100973125 0.502966446875 0.2035690515625 0.5063761171875 0.2010414953125 0.514766571875 0.20498827187500002 0.5193614015625 0.20451362343750001 0.528199409375 0.20935527031249998 0.533821896875 0.2103018328125 0.5363910390625 0.21385485 0.53852120625 0.219697978125 0.5393835625 0.22585720625 0.540767546875 0.22735731406249998 0.5450434749999999 0.22830412187500002 0.548453146875 0.225776565625 0.5486059703125 0.22053842499999998 0.5509879828124999 0.21658966093749998 0.5498153 0.21503686875 0.5467533812500001 0.214458346875 0.5418513468749999 0.208299865625 0.5335396421875 0.20466894062500002 0.5298640921875 0.1993788625 0.523955453125 0.195484271875 0.52269154375 0.19311551093749998 0.522488040625 0.18779847031250002 0.5179010093749999 0.18290339375 0.5164585484374999 0.1762178296875 0.511145609375 0.1621101296875 0.5098770234375 0.153871525 0.5060486484375 0.1538195875 0.5022951265625 0.15676836249999998 0.494928428125 0.1569276546875 0.48907904375 0.166773225 0.48603817656250003 0.169879803125 0.48207725 0.1701964 0.47693506562499993 0.165775225 0.46932821874999997 0.167671825 0.46399110624999995 0.161118590625 0.457924965625 0.156592296875 0.45563339999999997 0.15280232968750002 0.45274535625 0.15067076562499998 0.4503422921875 0.15093443125 0.44809204999999996 0.14595995625 0.44314479218749997 0.14367084218749998 0.4426691671875 0.15301530000000002 0.44453813125 0.156910634375 0.4471330015625 0.17001859531250002 0.4410270921875 0.183786215625 0.43690866718750004 0.183471109375 0.43394655000000004 0.1868935390625 0.4299068734375 0.186894284375 0.425705796875 0.1889481890625 0.42348908124999995 0.1881589328125 0.42048486250000006 0.1842111625 0.4175609484375 0.19768865156249998 0.4112601109374999 0.20932421250000002 0.4080328921875 0.21348371249999998 0.404100815625 0.212115684375 0.40185525312500003 0.21301105312500002 0.40105605000000005 0.2179071234375 0.3980229796875 0.2156439765625 0.39612126718749996 0.21611812656249998 0.393515478125 0.21961945625 0.3945353359375 0.2264103875 0.3965618 0.2309374265625 0.3951575421875 0.2343069234375 0.39829976875 0.2523107046875 0.398313021875 0.26136552812499997 0.39985528593749997 0.27205204374999997 0.40378891718750004 0.2905294796875 0.405972884375 0.2956882203125 0.40427467500000003 0.30147941093749997 0.41207255 0.3043997328125 0.414396865625 0.303820215625 0.417491534375 0.3000292515625 0.42169260937499997 0.297975346875 0.425545934375 0.2990275234375 0.4330451828125 0.2984996953125 0.43456171875000005 0.29963126875 0.4424679734375 0.3097375203125 0.4481286625 0.32073914375 0.4501184796875 0.3323205296875 0.454734359375 0.33553098124999997 0.46240046249999994 0.34737454218749997 0.4621275640625 0.35348133593750003 0.4672159484374999 0.3585868953125 0.467788253125 0.36448295625 0.47089617500000003 0.369746815625 0.47033322499999997 0.375590440625 0.47138583125 0.3780118859375 0.477600896875 0.3799849015625 0.4779774984375 0.3751941984375 0.48120081875 0.37371956093750003 0.48372005937499996 0.3752721046875 0.4858003249999999 0.37911475625 0.4835953078125 0.37027091562500003 0.47902932656249997 0.3690609375 0.47750811562499995 0.362059521875 0.46762919687500004 0.34674184375 0.463745465625 0.330264884375 0.4637072625 0.32020982343750004 0.4647466171875 0.3135764453125 0.4702646234375 0.3046522125
0 0.7584318999999999 0 0.7590020921875 0.0093958046875 0.7528416046874999 0.015293107812500002 0.7560703796875 0.028243017187500004 0.7581506453125 0.032085670312499995 0.7556236046875 0.03590285 0.7555534296874999 0.03877198125 0.7650752437499999 0.045456053125 0.769252925 0.059511320312500005 0.766336809375 0.0676190859375 0.766038959375 0.072725640625 0.76716641875 0.0781478 0.7633715703124999 0.08228107968750001 0.754708215625 0.084441096875 0.7404418703125 0.0722302453125 0.7373222515625 0.0750209703125 0.7317629203125 0.0851297078125 0.729132178125 0.0876308 0.73166935 0.104108009375 0.7337457171875 0.11063552343750001 0.7356388515625001 0.10697639218749999 0.73849336875 0.1049227375 0.7448862093749999 0.10265785000000001 0.7474467765624999 0.1030258875 0.7525764859375 0.10694694375 0.7552368546875 0.1113159328125 0.7622230515624999 0.11863220625 0.765380875 0.125896540625 0.766587084375 0.13163455156249998 0.7661317328125 0.136109403125 0.7631080156250001 0.1455859421875 0.7645832265625 0.14790201875 0.7683289515625 0.15032296875 0.7788854421875 0.1445038203125 0.788617 0.1340258015625 0.7957224953125 0.13191871718749998 0.8052100046875001 0.125862865625 0.80795614375 0.116623278125 0.8082290437499999 0.1105164859375 0.8123591671875001 0.10277700468749999 0.8126071156249999 0.09566997499999999 0.8142515249999999 0.090563171875 0.8138328218750001 0.087983675 0.8147357249999999 0.0844036953125 0.8127716375 0.08237725 0.8048747374999999 0.08401068125 0.8010627375 0.0817740015625 0.792451625 0.0661402234375 0.7886676968749999 0.053664215625 0.788750346875 0.051295203125 0.7905896828125 0.048320459375 0.7974300765625 0.0469504453125 0.8005832203125 0.0483449359375 0.8015820296874999 0.05145076875 0.8053901312499999 0.0563723109375 0.808194746875 0.0523181796875 0.8085549734375 0.049712218749999995 0.8041090687499999 0.047633587500000005 0.8007820484374999 0.047792134375 0.8001645171875001 0.0457654421875 0.78911759375 0.034764815625 0.7863535234375 0.0290797375 0.782798828125 0.0314757109375 0.7768441859374999 0.0228957828125 0.7740933703125 0.026265528125 0.7656662671875 0.029373098437500002 0.7614690890625 0.028742142187500003 0.760006353125 0.026926182812499998 0.7576937375 0.0194511140625 0.760473403125 0.0143967453125 0.7605186265625 0.010527378125 0.762938065625 0.0080789703125 0.7633559921875 0.0021037609375 0.7661075875 0.007288718750000001 0.7683367765625 0.00857809375 0.7734867578125 0.007629546875 0.7751685937499999 0.0040230984375 0.7726061078125 0 0.7584318999999999 0
0 0.259375 0.28498589375 0.25978121875000004 0.28500208437499996 0.26377099375 0.2830008625 0.2824403625 0.2813654421875 0.28735409375 0.2794693390625 0.29136491875 0.2811532171875 0.2953008953125 0.2798363828125 0.296659928125 0.280336253125 0.299200221875 0.2855738953125 0.30894503281249996 0.2841506984375 0.3122089 0.272936853125 0.3174664828125 0.2706195328125 0.3222437640625 0.271776825 0.331289175 0.2792506515625 0.33522514999999997 0.2779338171875 0.3396336265625 0.278512090625 0.342885796875 0.27535283125 0.370189671875 0.27324201718749996 0.3722488859375 0.27339956875000004 0.374014146875 0.275978815625 0.3787126765625 0.27682025781249997 0.38592967031250003 0.2706595390625 0.3905705015625 0.27487022968749997 0.39523160625 0.2742113140625 0.398462725 0.2673669546875 0.3977329171875 0.2608391921875 0.3958928046875 0.25525923281249996 0.39703586093750004 0.24994194374999998 0.39571659531250003 0.231148159375 0.392736546875 0.21964592187499998 0.3886719203125 0.2186464296875 0.3842673421875 0.21538329531249997 0.38156642500000004 0.22075351406250002 0.373988428125 0.2209654921875 0.365350021875 0.22412574687500003 0.3546563046875 0.22444358593749997 0.3504552296875 0.2264974890625 0.33886640312500005 0.2250255890625 0.3341639734375 0.226869009375 0.3267185265625 0.22671245 0.3234913078125 0.230871946875 0.3182087734375 0.23218903124999998 0.3164934125 0.2316102609375 0.31371296718749997 0.228109925 0.31108145 0.2220563125 0.30438140625 0.2176880703125 0.3061334140625 0.21121249375 0.3052383078125 0.2094227515625 0.3027978171875 0.20818605781250002 0.2939481109375 0.211398996875 0.2897010328125 0.20876756406250002 0.28978056093750004 0.21763812031250002 0.2884800046875 0.22232370625 0.28928388437499997 0.22329747812499998 0.2936674140625 0.2228755140625 0.29629035625 0.22574414687500002 0.29125265 0.2311937640625 0.2865829703125 0.2286676984375 0.2848184859375 0.23464315624999998 0.285191965625 0.24109201875 0.27942913125 0.2458837171875 0.259375 0.2457669796875 0.259375 0.28498589375
0 1 0.062136621875 0.9938506374999999 0.059706759374999994 0.9750565156250002 0.05634099218750001 0.9634918640624999 0.047314623437499995 0.9619956015625 0.0413134453125 0.959467784375 0.036575921875 0.9583941265625 0.0304693765625 0.9553524796874999 0.025021250000000002 0.9511553015625 0.024390292187500003 0.9469908734375 0.019389848437500003 0.9415297875 0.016390129687499998 0.9297546125 0.01597115 0.9250521828124999 0.017814568750000002 0.918862846875 0.0253964953125 0.9167131843749999 0.0329776765625 0.912565909375 0.0343471953125 0.9111905 0.0360320671875 0.9099686953125001 0.0410335046875 0.9073504296875001 0.044034715625 0.90533331875 0.051247362500000004 0.9010823421874999 0.051300790625 0.8979089218750002 0.05477590156249999 0.88956446875 0.055514464062500005 0.8850982921874999 0.0583054375 0.8834039812500001 0.061411765625 0.8796005578125001 0.062360065625 0.8755819328125 0.0660459109375 0.8645981625000001 0.0661005828125 0.8604758390625001 0.0684703390625 0.8581678984375 0.0668651125 0.8590209015625 0.06128465625 0.8546498484375 0.0622067390625 0.8545219750000002 0.0684451171875 0.8555706828125 0.0735514234375 0.8601210671875 0.08550084687500001 0.8585803578124999 0.091923740625 0.8588626125000001 0.0975566328125 0.8573219062499999 0.10397952656250001 0.8562997031249999 0.1169828640625 0.8586949703125001 0.1220889234375 0.8667041484375 0.1249565609375 0.87715459375 0.1376155953125 0.8820737796875001 0.1501440390625 0.885649528125 0.15143316406250001 0.8874147906250001 0.1540124109375 0.8903192093750001 0.15395923125 0.8915909156249999 0.15095826875 0.9016951765624999 0.13837440625 0.9083780687499999 0.1363726890625 0.9143943078125 0.13889850625 0.9211021500000001 0.1378970265625 0.9281585218749999 0.14234416875 0.9338893875000001 0.1504766609375 0.9376390109375 0.15021274843750002 0.9434275734374999 0.1549759921875 0.9395290265625 0.15779318281250002 0.938771146875 0.1615047484375 0.9435328312500001 0.1734014890625 0.9465121015625 0.1763490234375 0.948687490625 0.178322784375 0.95291351875 0.1772691171875 0.95684559375 0.17863714375 0.965123771875 0.17808285 0.9680196140625 0.1748446890625 0.9739649015625 0.17168493125 0.9747516296875001 0.1662887421875 0.9731766171875 0.1599717125 0.975256103125 0.155259659375 0.9822079953125 0.1498360109375 0.9901415437499999 0.14114823125 0.9950459203124999 0.12751244374999998 1 0.119191484375 1 0.062136621875
0 1 1 1 0.4296875 0.574143471875 0.4296875 0.5774874062500001 0.45276823437499997 0.5839972 0.46087426093749995 0.5870513234375 0.46682250625000005 0.5880212796875 0.47161296249999995 0.587098103125 0.48006254843749996 0.5844010875000001 0.4827479078125 0.5780082453125 0.48501279375 0.5762476609375 0.48830339062499994 0.57866008125 0.49977940937500004 0.5803769984375 0.5174675890625 0.5839168765625 0.5343657671875001 0.5863269531249999 0.5656360578124999 0.589365478125 0.58232375 0.5892789296875 0.587377621875 0.592544353125 0.5932731859375 0.600247103125 0.5980623984375 0.6046937859374999 0.6086957328125 0.6044871625 0.614618259375 0.59941203125 0.6185675203125001 0.5976514453125 0.6218581171875 0.598646353125 0.6276488109375 0.5973169484375 0.6340190203125 0.5988919609375 0.6403360484375 0.6030485921875 0.650706215625 0.603803346875 0.6582342156250001 0.6022252140625 0.663156753125 0.59868299375 0.6660528453125 0.596102153125 0.6705544124999999 0.59633060625 0.676871690625 0.59481485 0.684294821875 0.5950971046875 0.6899277140625 0.5920445375 0.7010888765625 0.5908897859375 0.71446075 0.589187678125 0.7229368015625 0.5881264843749999 0.762788759375 0.5865873328125 0.7863210609375 0.5800058 0.8094331406249999 0.5799574546875 0.8245420734375 0.5779652937499999 0.83275495625 0.5769719421875 0.8440736718749999 0.5744573781250001 0.8483909718749999 0.5745322296875 0.851391684375 0.573090546875 0.8532608249999999 0.5719474906249999 0.8585781140625001 0.5689604234375001 0.8610003046875001 0.5666244109375 0.8696344078125 0.56393986875 0.8728198859375 0.5627601671875 0.8851915218750002 0.5612732593749999 0.8909300281250001 0.5554199765625001 0.9034604609375 0.554190371875 0.9138316218749999 0.5510793281249999 0.919807328125 0.546158578125 0.935627859375 0.5461679328125 0.9473675437499999 0.544842425 0.9510528921875 0.5454435796875 0.955264328125 0.5398717734374999 0.9648729484375 0.5391263687500001 0.9690846328125 0.533015784375 0.9769824093749999 0.531181125 0.9858269968750001 0.527626428125 0.9882229703124998 0.5281488328125 0.9921185546875 0.5297940203125 0.9955664546874999 0.5269534515625001 1 1 1
0 0.3985267515625 1 0.3928926015625 0.9510282968750001 0.39264699687500004 0.93834105625 0.39471635000000005 0.913334615625 0.39482629375 0.8921715734374999 0.39835136250000003 0.8829055203125 0.399071815625 0.8776935968749999 0.41172573281249997 0.8366286796875 0.4157771046875 0.8285733484375001 0.4176780390625 0.8195444937499999 0.4202963046875 0.816543284375 0.42453402812499996 0.8074350328125 0.43836530625000003 0.7737927484375 0.4440571875 0.763315475 0.4469655046875 0.7605774328124999 0.45936367499999997 0.7319892703124999 0.46878023125000007 0.7202478453125 0.4712986953125 0.713245684375 0.47410331093749997 0.7091915515625 0.4815511015625 0.689553840625 0.484803271875 0.6863945796875 0.49216451406249995 0.671810740625 0.49568178437500005 0.6679144109375 0.5013939390625 0.6525675328125 0.505283134375 0.6380106546875 0.5097571109375 0.6298499578125 0.5114139953125 0.6252432734375 0.5113430421875 0.6195576984375 0.50267423125 0.60729316875 0.5009378203124999 0.6030292968750001 0.5014305968749999 0.6000548015625 0.50301730625 0.5983172453125001 0.5063443281250001 0.5981586984375 0.5132268234375 0.6041588828125001 0.516868846875 0.6052637421875 0.5212523765625 0.6048417765625 0.540113559375 0.5711195984375 0.541521715625 0.565065240625 0.54259771875 0.5513775140625 0.5310003171875 0.54672063125 0.5279048718749999 0.5419568906250001 0.5264335593749999 0.5369559515625 0.5275103390625 0.531822928125 0.5299960546875 0.529190253125 0.5352785875 0.5278731703124999 0.538630559375 0.5287148609375001 0.5387584328124999 0.5224764828125 0.5379709265624999 0.51931796875 0.5370508703125 0.5165279890625001 0.5342291015624999 0.514212159375 0.5265918468749999 0.5006839750000001 0.5201233765625 0.49139344375 0.517140209375 0.491130771875 0.514285690625 0.4931844296875 0.5025315671875 0.49645054687499995 0.4989105953125 0.4990307875 0.495575775 0.5045590578125 0.49185188125 0.5143779140625 0.4878387109375 0.5324883078125 0.48256163281250003 0.5482299359375 0.47982406875 0.56065450625 0.47253377968749993 0.5809239203125001 0.47226088125 0.5870307125 0.46776663124999995 0.6000610156249999 0.46211217343750005 0.6120386453125001 0.450903840625 0.6485495609375 0.4425687421875 0.6610278078125 0.4350422 0.6803496671875 0.42397733750000005 0.6998827578125 0.4200374625 0.7038844546874999 0.4112376578125 0.70909786875 0.4060876765625 0.710046415625 0.4029470046875 0.70915204375 0.3962344859375 0.70428368125 0.3928614625 0.699756890625 0.3843829015625 0.6837545781250001 0.37814990625 0.6668568968749999 0.36243253124999997 0.5993171171875 0.352619896875 0.5383567874999999 0.3478410609375 0.5200900859375001 0.346327646875 0.5077189468750001 0.3458247375 0.490399053125 0.34436122343750003 0.4800283890625 0.3438583140625 0.46270849687500004 0.3419760984375 0.4497583359375 0.3376448140625 0.43238650625 0.336103328125 0.4302546953125 0.33262738125 0.43296651875 0.3320527328125 0.4468647296875 0.3336121484375 0.46392120625000005 0.332503396875 0.48197841874999997 0.3336558078125 0.48840081562500004 0.3346062703125 0.5066155796875 0.336989840625 0.5197762234375001 0.33573918593749996 0.526462284375 0.33610019062499996 0.5324110281250001 0.33882371093749997 0.547835315625 0.3400486296875 0.57705269375 0.342664553125 0.5938457546875 0.3451572796875 0.622747034375 0.350803928125 0.6615975109375001 0.3562876234375 0.6853917390625 0.3615179125 0.70186845 0.3660472453125 0.7101327749999999 0.3704104984375 0.714580415625 0.380715140625 0.7185531609375 0.3819213515625 0.7242911703124999 0.3816484515625 0.7303979640625 0.3859625828125 0.7413998328125 0.389836959375 0.746137109375 0.395021246875 0.7579284828125 0.393121090625 0.7755120421875 0.38905334375 0.7857521140625 0.3811907484375 0.8001254703124999 0.37889606093749995 0.8075750671874999 0.3777296109375 0.8290015265624999 0.375568253125 0.84463729375 0.3738965515625 0.8685381296875001 0.37420921093750004 0.88959580625 0.375002171875 0.9071788671875 0.37721654375 0.9277623937499999 0.37773888749999995 1 0.3985267515625 1